1794680
730
1174180
72850
1465360
12210
377160
787860
211420
49520
28050
236430
1091500
22380
2666510
588430
287700
248820
1318690
1562430
1066780
1245620
1190460
220260
1716740
1259420
40300
50130
234140
43160
220
1547000
8190
218640
814380
313160
49520
420
380
201810
934780
753640
1868140
2320
42710
264710
241930
212010
1458140
524220
10180
102840
1546990
447020
311340
1172380
1546970
537800
224860
1030840
718560
220900
239820
282140
221260
221260
207610
224760
2835570
589870
219150
206440
97000
1603180
746850
2336200
48000
225080
230050
46520
406970
245550
417860
250600
261820
374320
1040070
